42
1 0 9 9 -3 9 3 0 3 -9 -3 -9 -9 12 -9 6 -9 -9 3
2 0 9 -9 3 -9 -3 9 3 -9 -9 9 -3 12 -9 6 -9 0 3
3 0 9 0 3 -9 3 9 3 -9 -9 9 -3 12 -9 6 -9 -9 -3
4 0 9 -9 -3 0 3 -9 3 -9 -9 9 -3 12 -9 6 -9 9 3
5 0 9 9 -3 0 3 -9 3 -9 -9 -9 -3 12 -9 6 -9 9 3
6 0 9 9 -3 9 3 -9 3 -9 -9 0 3 12 -9 6 -9 -9 -3
7 0 9 -9 -3 9 -3 -9 3 -9 -9 9 3 12 -9 6 -9 0 3
8 0 9 9 -3 -9 -3 9 3 0 3 -9 -9 12 -9 6 -9 -9 3
9 0 9 9 3 0 3 -9 3 -9 -9 9 -3 12 -9 6 -9 -9 -3
10 0 9 -9 -3 0 3 9 3 9 -3 -9 -9 12 -9 6 -9 -9 3
11 0 9 9 -3 -9 3 9 3 -9 -9 -9 -3 12 -9 6 -9 0 3
12 0 9 9 -3 0 3 -9 3 -9 -9 9 3 12 -9 6 -9 -9 -3
13 0 9 -9 -9 9 3 -9 3 -9 -3 9 -3 12 -9 6 -9 0 3
14 0 9 9 -3 9 3 -9 3 -9 -9 -9 -3 12 -9 6 -9 0 3
15 0 9 9 -3 0 3 -9 3 -9 -9 9 3 12 -9 6 -9 -9 -3
16 0 9 9 3 0 3 -9 3 -9 -9 9 -3 12 -9 6 -9 -9 -3
17 0 9 9 -3 0 3 -9 3 -9 -9 9 3 12 -9 6 -9 -9 -3
18 0 9 9 -3 -9 -9 -9 3 0 3 9 3 12 -9 6 -9 -9 -3
19 0 9 9 -3 9 3 -9 3 -9 -3 -9 -9 12 -9 6 -9 0 3
20 0 9 9 3 -9 3 0 3 -9 -9 9 -3 12 -9 6 -9 -9 -3
21 0 9 -9 -3 0 3 9 -3 12 -9 6 -9 9 3 -9 3 -9 -9
22 0 9 9 3 -9 -3 -9 3 -9 -9 9 -3 12 -9 6 -9 0 3
23 0 9 9 -3 9 3 0 3 -9 -9 -9 -3 12 -9 6 -9 -9 3
24 0 9 6 -9 12 -9 0 3 -9 -3 -9 3 9 -3 -9 -9 9 3
25 0 9 -9 -3 -9 3 0 3 9 3 -9 -9 12 -9 6 -9 9 -3
26 0 9 9 -3 9 3 0 3 -9 -3 -9 -9 12 -9 6 -9 -9 3
27 0 9 -9 -3 -9 -9 -9 3 9 3 9 -3 12 -9 6 -9 0 3
28 0 9 9 3 0 3 -9 3 -9 -9 9 -3 12 -9 6 -9 -9 -3
29 0 9 9 -3 9 3 0 3 -9 -3 -9 -9 12 -9 6 -9 -9 3
30 0 9 -9 -3 9 3 0 3 6 -9 12 -9 -9 -9 -9 3 9 -3
31 0 9 9 3 0 3 -9 3 -9 -9 9 -3 12 -9 6 -9 -9 -3
32 0 9 9 -3 9 3 0 3 -9 -3 -9 -9 12 -9 6 -9 -9 3
33 0 9 -9 -3 0 3 -9 3 -9 -9 9 -3 12 -9 6 -9 9 3
34 0 9 -9 -3 0 3 -9 3 -9 -9 9 -3 12 -9 6 -9 9 3
35 0 9 9 -3 0 3 9 3 -9 -9 -9 -3 12 -9 6 -9 -9 3
36 0 9 9 3 9 -3 -9 3 -9 -3 -9 -9 12 -9 6 -9 0 3
37 0 9 9 -3 0 3 9 3 -9 -9 -9 -3 12 -9 6 -9 -9 3
38 0 9 9 -3 9 3 0 3 -9 -3 -9 -9 12 -9 6 -9 -9 3
39 0 9 9 -3 0 3 9 3 -9 -9 -9 -3 12 -9 6 -9 -9 3
40 0 9 6 -9 -9 -9 -9 3 12 -9 0 3 9 -3 -9 -3 9 3
41 0 9 9 -3 -9 3 9 3 0 3 -9 -9 12 -9 6 -9 -9 -3
42 0 9 9 -3 9 3 0 3 -9 -9 -9 3 12 -9 6 -9 -9 -3